hidden layer stats:
 [[ 1.71172707e-02 -8.33663428e-01  7.16325974e-01  6.49753100e-01
   5.52296002e-01  3.91106179e-01]
 [-3.25847047e-01  6.36255245e-01 -1.19380177e+00  3.61408009e-01
  -2.21549328e-01 -8.01508363e-01]
 [-2.51020469e-02 -4.86607740e-01  1.81826957e-01 -4.07817366e-01
   1.12000950e-01 -1.51915590e+00]
 [ 7.33535765e-01 -6.13870863e-01 -4.02767861e-01 -8.97731452e-01
   3.93179371e-01  1.34915710e+00]
 [ 4.83595159e-01 -8.27956107e-01 -1.28537121e-03 -6.06770917e-01
  -8.00411207e-02  1.31138397e+00]
 [-3.18029706e-01  1.97152085e-01 -1.62713241e-01 -1.72952865e-02
  -1.10610442e+00 -5.99385514e-01]
 [ 3.10451657e-01  6.16050584e-01  7.55866040e-01  4.07785961e-02
   6.01673892e-01  1.09572676e-03]
 [-4.19585582e-01 -3.08135360e-01 -1.29574111e+00 -5.32973756e-01
   1.21921703e+00 -1.81355815e+00]
 [-3.74833785e+00 -9.20748497e-01 -1.31344773e-02 -9.10495500e-01
   4.54061942e-02 -3.56506092e+00]
 [-3.41839395e-01  7.18159466e-02 -1.12434145e+00 -4.03831517e-01
  -8.16865196e-02 -3.17028536e-01]] [ 0.39922936 -0.85509418  0.96035331  0.07743981  0.09524609 -0.17665113
  0.64053202  0.53263082  0.31134815 -0.71688248]
output layer stats:
 [[-1.17691523 -0.53044379 -0.50180282 -2.24983066  2.45789294  2.22592887
  -0.73893146 -0.67849445 -1.28709852 -3.74142821 -0.53345545]] [0.01109666]


Learning rate: 0.05
hidden layer stats:
 [[-0.09440088 -0.7818112   0.62490644  0.4374569   0.54847589  0.4620499 ]
 [-0.5869993   0.68083901 -1.13110133  0.44649407 -0.05318624 -0.66654647]
 [-0.21943701 -0.56686286  0.0410406  -0.49416262 -0.02484644 -2.2107121 ]
 [ 0.81257124 -0.60075603 -0.47815421 -0.73884349  0.40872886  1.22167787]
 [ 0.05838131 -1.0025484  -0.01029141 -0.91062928 -0.02416693  1.35865693]
 [-0.37599887  0.05379857 -0.23516055 -0.22109566 -1.02670376 -0.55352912]
 [ 0.28483681  0.4326589   0.68333487  0.01025222  0.4120774   0.02258291]
 [-0.62522547 -0.25837632 -1.213672   -0.52571024  1.08908506 -1.91595217]
 [-4.96126831 -0.80648398 -0.02639407 -0.78916838  0.02678048 -4.9241702 ]
 [-0.40088061  0.07268532 -0.93377535 -0.4048312   0.00578841 -0.35723999]] [ 0.26060268 -0.92822723  0.98004735  0.0990797  -0.10614028 -0.14070613
  0.62311202  0.46719656  0.14437094 -0.62869868]
output layer stats:
 [[-1.10145577 -0.59047215 -0.56365062 -2.46778557  2.29822802  2.51422681
  -0.65982182 -0.70410921 -1.38665159 -4.25213482 -0.49994401]] [0.0111716]


Learning rate: 0.1
